点集：
[[181 315]
 [172  15]
 [319 119]
 [864  62]
 [270 992]
 [687 193]
 [242 915]
 [700 205]
 [556 785]
 [691 409]
 [437 813]
 [905 187]
 [524 710]
 [384 182]
 [805  35]
 [636 858]
 [494 157]
 [786 453]
 [530 290]
 [752  62]
 [ 71 933]
 [352 300]
 [468 430]
 [924 730]
 [820 499]
 [ 55 699]
 [523 441]
 [110 540]
 [551 846]
 [451 590]
 [250 750]
 [750 750]
 [500 500]
 [250 250]
 [750 250]]
最优解=[0, 27, 25, 20, 4, 6, 15, 28, 9, 17, 24, 23, 22, 26, 12, 8, 10, 29, 1, 2, 13, 16, 18, 21, 19, 14, 3, 11, 5, 7]
最短路径=5565.380000000001